3.694, 4.319, 177.485, 92.4, 0.0, 0.0, 'Ready'
3.694, 4.319, 177.485, 92.4, 0.0, 0.0, 'Ready'
3.694, 4.319, 177.485, 92.4, 0.0, 0.0, 'Ready'
3.694, 4.319, 177.485, 92.4, 0.0, 0.0, 'Ready'
3.694, 4.319, 177.485, 92.4, 0.0, 0.0, 'Executing'
3.694, 4.319, 177.485, 92.4, 0.0, 0.0, 'Executing'
3.694, 4.319, 177.485, 92.4, 0.0, 0.0, 'Executing'
3.694, 4.319, 177.485, 92.4, 0.0, 0.0, 'Executing'
3.694, 4.319, 177.485, 92.4, 0.0, 0.0, 'Executing'
3.694, 4.319, 177.485, 92.4, 0.0, 0.0, 'Executing'
3.694, 4.319, 177.486, 92.4, -0.001, 0.015, 'Executing'
3.694, 4.319, 177.614, 92.4, -0.005, 1.313, 'Executing'
3.694, 4.319, -178.092, 92.4, -0.001, 18.106, 'Executing'
3.694, 4.319, -176.04, 92.4, 0.001, 22.852, 'Executing'
3.694, 4.319, -173.565, 92.4, 0.003, 27.085, 'Executing'
3.694, 4.319, -167.401, 92.3, 0.001, 33.548, 'Executing'
3.688, 4.32, -166.351, 92.3, 0.0, 36.798, 'Executing'
3.688, 4.32, -159.183, 92.3, -0.003, 34.889, 'Executing'
3.688, 4.32, -155.735, 92.3, -0.002, 34.122, 'Executing'
3.691, 4.332, -152.383, 92.3, -0.002, 36.123, 'Executing'
3.691, 4.332, -145.527, 92.3, 0.0, 34.175, 'Executing'
3.691, 4.332, -145.527, 92.3, 0.0, 34.175, 'Executing'
3.694, 4.33, -138.411, 92.3, 0.001, 33.615, 'Executing'
3.694, 4.33, -135.002, 92.3, -0.001, 34.406, 'Executing'
3.693, 4.329, -130.51, 92.3, -0.001, 34.0, 'Executing'
3.693, 4.329, -123.643, 92.3, -0.001, 34.19, 'Executing'
3.706, 4.327, -116.242, 92.3, -0.001, 34.427, 'Executing'
3.706, 4.327, -112.808, 92.3, 0.0, 33.439, 'Executing'
3.706, 4.327, -105.911, 92.3, 0.0, 34.652, 'Executing'
3.699, 4.303, -102.161, 92.3, -0.001, 34.485, 'Executing'
3.699, 4.303, -97.335, 92.3, -0.002, 34.638, 'Executing'
3.689, 4.31, -90.145, 92.3, -0.001, 34.285, 'Executing'
3.689, 4.31, -83.284, 92.3, -0.001, 34.409, 'Executing'
3.687, 4.309, -75.379, 92.3, -0.001, 34.388, 'Executing'
3.687, 4.31, -71.951, 92.3, -0.001, 34.811, 'Executing'
3.687, 4.31, -68.533, 92.3, -0.001, 33.639, 'Executing'
3.687, 4.3, -60.797, 92.3, -0.002, 34.656, 'Executing'
3.687, 4.301, -56.395, 92.3, 0.0, 34.178, 'Executing'
3.687, 4.301, -52.97, 92.3, -0.001, 34.513, 'Executing'
3.691, 4.299, -45.359, 92.3, 0.0, 34.801, 'Executing'
3.691, 4.299, -41.916, 92.3, -0.001, 34.679, 'Executing'
3.691, 4.3, -38.486, 92.3, -0.001, 34.115, 'Executing'
3.691, 4.299, -34.037, 92.3, -0.002, 33.432, 'Executing'
3.691, 4.299, -30.761, 92.3, -0.002, 30.731, 'Executing'
3.691, 4.299, -28.437, 92.3, 0.001, 17.597, 'Executing'
3.691, 4.3, -25.43, 92.3, -0.001, 15.481, 'Executing'
3.69, 4.295, -23.321, 92.3, 0.003, 14.987, 'Executing'
3.69, 4.295, -21.887, 92.3, 0.019, 12.51, 'Executing'
3.7, 4.291, -20.44, 92.3, 0.077, 2.89, 'Executing'
3.708, 4.288, -20.166, 92.3, 0.107, 2.888, 'Executing'
3.72, 4.284, -19.807, 92.3, 0.137, 4.2, 'Executing'
3.751, 4.272, -19.179, 92.3, 0.203, 5.84, 'Executing'
3.794, 4.258, -17.927, 92.3, 0.262, 6.823, 'Executing'
3.82, 4.25, -17.243, 92.3, 0.289, 7.087, 'Executing'
3.849, 4.241, -16.49, 92.3, 0.317, 8.152, 'Executing'
3.881, 4.232, -15.692, 92.3, 0.34, 8.308, 'Executing'
3.956, 4.219, -13.125, 92.3, 0.396, 8.678, 'Executing'
3.996, 4.21, -12.21, 92.3, 0.434, 9.182, 'Executing'
4.087, 4.191, -11.267, 92.3, 0.498, 9.188, 'Executing'
4.15, 4.155, -9.539, 92.3, 0.525, 9.829, 'Executing'
4.26, 4.139, -7.541, 92.3, 0.579, 10.496, 'Executing'
4.319, 4.132, -6.489, 92.3, 0.626, 10.79, 'Executing'
4.381, 4.125, -5.438, 92.3, 0.632, 10.429, 'Executing'
4.516, 4.118, -2.462, 92.3, 0.685, 8.305, 'Executing'
4.586, 4.115, -1.69, 92.3, 0.712, 7.352, 'Executing'
4.736, 4.122, -0.275, 92.3, 0.758, 4.734, 'Executing'
4.812, 4.122, 0.213, 92.3, 0.777, 4.502, 'Executing'
4.898, 4.123, 1.615, 92.3, 0.785, 3.785, 'Executing'
4.977, 4.126, 1.929, 92.3, 0.793, 2.016, 'Executing'
5.056, 4.129, 2.114, 92.3, 0.786, 1.295, 'Executing'
5.141, 4.138, 2.848, 92.3, 0.796, 1.051, 'Executing'
5.22, 4.142, 2.928, 92.3, 0.798, 0.0, 'Executing'
5.378, 4.174, 3.436, 92.3, 0.802, -1.012, 'Executing'
5.458, 4.178, 3.272, 92.3, 0.8, -1.03, 'Executing'
5.538, 4.183, 3.115, 92.3, 0.796, -4.179, 'Executing'
5.619, 4.196, 3.322, 92.3, 0.792, -5.211, 'Executing'
5.698, 4.2, 2.794, 92.3, 0.797, -5.514, 'Executing'
5.778, 4.204, 2.22, 92.3, 0.797, -5.771, 'Executing'
5.926, 4.226, 1.609, 92.3, 0.799, -6.041, 'Executing'
6.086, 4.229, 0.455, 92.3, 0.8, -4.996, 'Executing'
6.161, 4.257, 0.15, 92.3, 0.799, -4.464, 'Executing'
6.241, 4.257, -0.283, 92.3, 0.793, -3.998, 'Executing'
6.321, 4.256, -0.324, 92.3, 0.801, -1.515, 'Executing'
6.402, 4.281, 0.337, 92.3, 0.806, 1.32, 'Executing'
6.562, 4.283, 0.944, 92.3, 0.799, 4.992, 'Executing'
6.644, 4.292, 1.753, 92.3, 0.809, 7.434, 'Executing'
6.724, 4.295, 2.647, 92.3, 0.792, 10.277, 'Executing'
6.803, 4.3, 3.889, 92.3, 0.792, 14.867, 'Executing'
6.882, 4.307, 5.263, 92.3, 0.791, 16.265, 'Executing'
7.039, 4.326, 8.953, 92.4, 0.793, 20.508, 'Executing'
7.115, 4.341, 11.561, 92.4, 0.794, 20.836, 'Executing'
7.192, 4.356, 11.786, 92.4, 0.785, 23.353, 'Executing'
7.267, 4.373, 14.195, 92.4, 0.755, 25.224, 'Executing'
7.4, 4.425, 19.794, 92.4, 0.655, 26.551, 'Executing'
7.461, 4.449, 22.508, 92.4, 0.643, 27.55, 'Executing'
7.52, 4.475, 25.324, 92.4, 0.631, 28.615, 'Executing'
7.575, 4.519, 28.602, 92.4, 0.621, 29.475, 'Executing'
7.629, 4.55, 31.6, 92.4, 0.613, 30.201, 'Executing'
7.729, 4.619, 37.687, 92.4, 0.602, 30.305, 'Executing'
7.777, 4.651, 38.62, 92.4, 0.605, 30.447, 'Executing'
7.823, 4.69, 41.689, 92.4, 0.602, 30.477, 'Executing'
7.867, 4.731, 44.739, 92.4, 0.6, 30.212, 'Executing'
7.948, 4.82, 50.828, 92.4, 0.604, 30.463, 'Executing'
7.98, 4.877, 54.508, 92.4, 0.612, 30.241, 'Executing'
8.048, 4.983, 60.368, 92.4, 0.651, 28.558, 'Executing'
8.079, 5.041, 63.173, 92.4, 0.666, 27.517, 'Executing'
8.136, 5.187, 67.073, 92.4, 0.693, 24.152, 'Executing'
8.161, 5.252, 69.489, 92.4, 0.697, 24.122, 'Executing'
8.176, 5.322, 72.587, 92.4, 0.698, 23.35, 'Executing'
8.212, 5.456, 76.97, 92.4, 0.692, 20.323, 'Executing'
8.23, 5.599, 81.428, 92.4, 0.697, 16.547, 'Executing'
8.245, 5.738, 85.104, 92.4, 0.666, 12.057, 'Executing'
8.25, 5.803, 86.157, 92.4, 0.648, 9.068, 'Executing'
8.254, 5.867, 87.091, 92.4, 0.652, 8.583, 'Executing'
8.257, 5.928, 87.55, 92.4, 0.686, 7.629, 'Executing'
8.259, 5.994, 88.403, 92.4, 0.643, 8.494, 'Executing'
8.261, 6.116, 89.966, 92.4, 0.565, 6.681, 'Executing'
8.258, 6.164, 91.044, 92.4, 0.476, 3.778, 'Executing'
8.257, 6.209, 91.321, 92.4, 0.423, 1.574, 'Executing'
8.255, 6.282, 92.015, 92.4, 0.318, 5.555, 'Executing'
8.253, 6.307, 92.873, 92.4, 0.292, 6.539, 'Executing'
8.251, 6.339, 93.609, 92.4, 0.372, 5.707, 'Executing'
8.249, 6.379, 93.157, 92.4, 0.406, -2.471, 'Executing'
8.247, 6.419, 92.996, 92.4, 0.383, -0.526, 'Executing'
8.243, 6.5, 92.498, 92.4, 0.439, -4.989, 'Executing'
8.235, 6.541, 92.166, 92.4, 0.452, -5.248, 'Executing'
8.233, 6.585, 91.75, 92.4, 0.411, -4.034, 'Executing'
8.232, 6.62, 91.529, 92.4, 0.325, -1.03, 'Executing'
8.231, 6.666, 91.201, 92.4, 0.107, -1.945, 'Executing'
8.231, 6.671, 91.23, 92.4, 0.006, 0.525, 'Executing'
8.231, 6.672, 91.31, 92.4, 0.0, 1.205, 'Executing'
8.231, 6.674, 91.303, 92.4, 0.034, 1.261, 'Executing'
8.231, 6.679, 91.208, 92.4, 0.066, -0.531, 'Executing'
8.224, 6.705, 90.637, 92.4, 0.146, -3.417, 'Executing'
8.224, 6.721, 90.318, 92.4, 0.173, -3.417, 'Executing'
8.224, 6.74, 89.953, 92.4, 0.201, -3.784, 'Executing'
8.224, 6.786, 89.095, 92.4, 0.254, -3.441, 'Executing'
8.224, 6.813, 88.916, 92.4, 0.277, -4.993, 'Executing'
8.225, 6.842, 88.368, 92.4, 0.293, -5.944, 'Executing'
8.226, 6.874, 87.753, 92.4, 0.332, -6.787, 'Executing'
8.222, 6.902, 87.214, 92.4, 0.355, -7.24, 'Executing'
8.227, 6.978, 85.67, 92.4, 0.409, -8.692, 'Executing'
8.231, 7.021, 84.81, 92.4, 0.437, -9.198, 'Executing'
8.235, 7.066, 83.877, 92.4, 0.468, -9.526, 'Executing'
8.24, 7.115, 82.912, 92.4, 0.494, -8.522, 'Executing'
8.235, 7.161, 82.937, 92.4, 0.527, -10.594, 'Executing'
8.242, 7.214, 81.868, 92.4, 0.557, -11.344, 'Executing'
8.261, 7.327, 79.491, 92.4, 0.601, -12.632, 'Executing'
8.27, 7.391, 78.04, 92.4, 0.623, -13.428, 'Executing'
8.284, 7.453, 76.636, 92.4, 0.649, -14.908, 'Executing'
8.3, 7.517, 75.154, 92.4, 0.671, -15.281, 'Executing'
8.319, 7.585, 73.541, 92.4, 0.712, -16.572, 'Executing'
8.364, 7.722, 70.506, 92.3, 0.747, -17.621, 'Executing'
8.424, 7.866, 68.431, 92.3, 0.782, -18.198, 'Executing'
8.454, 7.938, 66.618, 92.3, 0.786, -18.918, 'Executing'
8.524, 8.075, 62.443, 92.3, 0.791, -20.741, 'Executing'
8.524, 8.075, 62.443, 92.3, 0.791, -20.741, 'Executing'
8.602, 8.212, 58.188, 92.3, 0.782, -21.602, 'Executing'
8.646, 8.28, 55.588, 92.3, 0.787, -22.16, 'Executing'
8.74, 8.406, 51.058, 92.3, 0.782, -23.125, 'Executing'
8.79, 8.466, 48.697, 92.3, 0.779, -23.902, 'Executing'
8.844, 8.525, 45.799, 92.3, 0.782, -22.316, 'Executing'
8.95, 8.633, 43.086, 92.3, 0.743, -24.777, 'Executing'
9.008, 8.67, 39.77, 92.3, 0.723, -26.275, 'Executing'
9.064, 8.715, 37.103, 92.3, 0.708, -26.356, 'Executing'
9.178, 8.793, 32.221, 92.3, 0.676, -21.322, 'Executing'
9.237, 8.822, 30.054, 92.3, 0.654, -17.02, 'Executing'
9.292, 8.853, 28.609, 92.3, 0.62, -12.007, 'Executing'
9.345, 8.881, 27.608, 92.3, 0.591, -7.901, 'Executing'
9.397, 8.908, 26.887, 92.4, 0.553, -6.173, 'Executing'
9.445, 8.937, 26.135, 92.4, 0.531, -5.859, 'Executing'
9.49, 8.96, 26.074, 92.4, 0.486, -6.845, 'Executing'
9.591, 9.007, 23.276, 92.4, 0.256, -10.497, 'Executing'
9.611, 9.015, 22.257, 92.4, 0.196, -10.473, 'Executing'
9.882, 9.095, 4.742, 92.4, 0.002, -12.839, 'Executing'
9.882, 9.095, 3.388, 92.4, 0.001, -15.498, 'Executing'
9.882, 9.095, 0.956, 92.4, -0.002, -24.718, 'Executing'
9.882, 9.095, -1.68, 92.4, -0.002, -28.886, 'Executing'
9.89, 9.102, -8.634, 92.4, -0.001, -34.166, 'Executing'
9.89, 9.102, -12.017, 92.4, 0.001, -32.216, 'Executing'
9.876, 9.097, -19.329, 92.4, 0.0, -36.544, 'Executing'
9.876, 9.097, -22.811, 92.4, -0.002, -34.74, 'Executing'
9.876, 9.097, -26.266, 92.3, 0.001, -34.931, 'Executing'
9.876, 9.097, -30.037, 92.3, 0.001, -33.958, 'Executing'
9.863, 9.1, -37.878, 92.3, -0.001, -34.238, 'Executing'
9.863, 9.1, -41.309, 92.3, -0.002, -34.36, 'Executing'
9.863, 9.1, -44.767, 92.3, 0.001, -35.019, 'Executing'
9.861, 9.09, -48.851, 92.3, -0.005, -33.917, 'Executing'
9.861, 9.09, -52.289, 92.3, 0.0, -34.724, 'Executing'
9.861, 9.09, -55.758, 92.3, 0.002, -34.819, 'Executing'
9.872, 9.091, -63.474, 92.3, -0.001, -34.18, 'Executing'
9.872, 9.091, -64.239, 92.3, -0.002, -34.147, 'Executing'
9.872, 9.091, -67.696, 92.3, 0.002, -34.783, 'Executing'
9.872, 9.091, -71.181, 92.3, 0.001, -35.028, 'Executing'
9.875, 9.088, -78.433, 92.3, -0.002, -34.299, 'Executing'
9.875, 9.088, -81.785, 92.3, 0.0, -32.304, 'Executing'
9.875, 9.088, -84.817, 92.3, 0.001, -28.222, 'Executing'
9.855, 9.084, -87.974, 92.3, -0.001, -21.744, 'Executing'
9.855, 9.085, -91.298, 92.3, -0.001, -11.87, 'Executing'
9.855, 9.085, -92.619, 92.3, 0.002, -10.109, 'Executing'
9.855, 9.085, -92.615, 92.3, -0.002, -0.626, 'Ready'
9.855, 9.085, -92.579, 92.3, 0.0, 0.0, 'Ready'
9.855, 9.085, -92.573, 92.3, -0.001, 0.252, 'Executing'
9.855, 9.085, -92.572, 92.3, 0.0, 0.0, 'Executing'
9.855, 9.085, -92.566, 92.3, 0.014, 0.0, 'Executing'
9.855, 9.074, -93.454, 92.3, 0.071, -5.493, 'Executing'
9.854, 9.053, -94.489, 92.3, 0.135, -9.446, 'Executing'
9.85, 9.025, -96.857, 92.3, 0.195, -11.801, 'Executing'
9.847, 9.004, -98.091, 92.3, 0.223, -12.609, 'Executing'
9.844, 8.981, -99.434, 92.3, 0.251, -13.92, 'Executing'
9.833, 8.927, -102.465, 92.3, 0.301, -16.278, 'Executing'
9.826, 8.897, -104.142, 92.3, 0.331, -17.207, 'Executing'
9.817, 8.864, -105.957, 92.3, 0.352, -18.371, 'Executing'
9.806, 8.829, -107.866, 92.3, 0.384, -19.241, 'Executing'
9.794, 8.797, -108.806, 92.3, 0.411, -20.246, 'Executing'
9.78, 8.758, -110.919, 92.3, 0.437, -21.924, 'Executing'
9.743, 8.672, -115.53, 92.3, 0.493, -23.864, 'Executing'
9.72, 8.627, -117.984, 92.3, 0.527, -24.947, 'Executing'
9.621, 8.483, -126.411, 92.3, 0.612, -23.007, 'Executing'
9.539, 8.392, -131.446, 92.2, 0.654, -19.701, 'Executing'
9.494, 8.343, -133.851, 92.2, 0.664, -19.592, 'Executing'
9.449, 8.295, -133.702, 92.2, 0.669, -15.224, 'Executing'
9.401, 8.246, -135.116, 92.2, 0.696, -13.704, 'Executing'
9.273, 8.153, -138.477, 92.2, 0.735, -10.232, 'Executing'
9.218, 8.104, -139.386, 92.2, 0.743, -7.088, 'Executing'
9.161, 8.056, -139.921, 92.2, 0.751, -3.151, 'Executing'
9.026, 7.966, -140.514, 92.2, 0.762, 4.279, 'Executing'
8.967, 7.917, -139.945, 92.2, 0.769, 7.096, 'Executing'
8.908, 7.867, -139.165, 92.2, 0.768, 7.179, 'Executing'
8.84, 7.828, -139.0, 92.2, 0.749, 11.907, 'Executing'
8.786, 7.78, -137.766, 92.2, 0.673, 13.811, 'Executing'
8.74, 7.736, -136.363, 92.2, 0.617, 12.865, 'Executing'
8.632, 7.654, -133.627, 92.2, 0.621, 20.731, 'Executing'
8.589, 7.609, -131.469, 92.2, 0.628, 23.611, 'Executing'
8.549, 7.56, -128.988, 92.2, 0.643, 25.926, 'Executing'
8.509, 7.509, -126.352, 92.2, 0.655, 26.799, 'Executing'
8.426, 7.414, -121.456, 92.2, 0.681, 26.36, 'Executing'
8.389, 7.356, -120.834, 92.2, 0.698, 26.785, 'Executing'
8.344, 7.301, -118.693, 92.2, 0.703, 27.044, 'Executing'
8.312, 7.239, -116.026, 92.2, 0.714, 27.084, 'Executing'
8.24, 7.128, -113.181, 92.2, 0.719, 25.704, 'Executing'
8.24, 7.128, -113.181, 92.2, 0.719, 25.704, 'Executing'
8.189, 6.993, -108.005, 92.2, 0.72, 24.997, 'Executing'
8.166, 6.928, -105.251, 92.2, 0.739, 24.416, 'Executing'
8.148, 6.855, -102.82, 92.2, 0.758, 23.907, 'Executing'
8.122, 6.702, -99.513, 92.2, 0.769, 20.143, 'Executing'
8.111, 6.627, -97.658, 92.2, 0.771, 17.602, 'Executing'
8.101, 6.55, -95.913, 92.2, 0.773, 16.667, 'Executing'
8.095, 6.471, -94.254, 92.2, 0.784, 15.757, 'Executing'
8.098, 6.385, -92.004, 92.2, 0.785, 14.967, 'Executing'
8.096, 6.307, -90.607, 92.2, 0.784, 12.337, 'Executing'
8.105, 6.219, -88.898, 92.2, 0.787, 10.075, 'Executing'
8.11, 6.06, -87.426, 92.2, 0.795, 4.185, 'Executing'
8.114, 5.98, -87.147, 92.2, 0.798, 1.575, 'Executing'
8.144, 5.89, -86.06, 92.2, 0.78, 1.495, 'Executing'
8.149, 5.815, -86.522, 92.2, 0.701, -5.215, 'Executing'
8.159, 5.7, -87.064, 92.2, 0.536, -8.403, 'Executing'
8.163, 5.603, -89.044, 92.2, 0.467, -12.335, 'Executing'
8.163, 5.556, -90.474, 92.2, 0.481, -16.142, 'Executing'
8.183, 5.507, -91.098, 92.2, 0.494, -18.417, 'Executing'
8.182, 5.457, -92.992, 92.2, 0.518, -20.661, 'Executing'
8.178, 5.405, -95.109, 92.3, 0.542, -22.032, 'Executing'
8.173, 5.35, -97.301, 92.3, 0.567, -21.4, 'Executing'
8.177, 5.299, -96.657, 92.3, 0.584, -24.702, 'Executing'
8.158, 5.182, -102.004, 92.3, 0.595, -28.453, 'Executing'
8.144, 5.124, -104.92, 92.3, 0.598, -29.103, 'Executing'
8.141, 5.069, -107.719, 92.3, 0.605, -30.538, 'Executing'
8.121, 5.012, -110.755, 92.3, 0.592, -30.188, 'Executing'
8.099, 4.957, -113.829, 92.3, 0.594, -30.611, 'Executing'
8.052, 4.849, -120.009, 92.3, 0.587, -30.736, 'Executing'
7.991, 4.75, -124.002, 92.3, 0.586, -31.484, 'Executing'
7.957, 4.702, -127.132, 92.3, 0.598, -32.346, 'Executing'
7.876, 4.616, -133.696, 92.3, 0.567, -30.754, 'Executing'
7.835, 4.575, -136.808, 92.3, 0.589, -31.804, 'Executing'
7.752, 4.515, -143.156, 92.3, 0.592, -31.01, 'Executing'
7.703, 4.481, -146.199, 92.3, 0.605, -29.909, 'Executing'
7.651, 4.448, -149.176, 92.3, 0.629, -30.039, 'Executing'
7.599, 4.419, -152.333, 92.3, 0.633, -28.274, 'Executing'
7.481, 4.36, -155.839, 92.3, 0.678, -27.326, 'Executing'
7.419, 4.333, -159.014, 92.3, 0.691, -26.909, 'Executing'
7.36, 4.317, -159.336, 92.3, 0.71, -25.749, 'Executing'
7.292, 4.293, -161.893, 92.3, 0.724, -25.206, 'Executing'
7.15, 4.254, -166.867, 92.3, 0.791, -25.251, 'Executing'
7.15, 4.254, -166.867, 92.3, 0.791, -25.251, 'Executing'
7.004, 4.224, -172.058, 92.3, 0.761, -18.5, 'Executing'
6.925, 4.215, -174.536, 92.4, 0.775, -17.341, 'Executing'
6.847, 4.208, -175.931, 92.4, 0.789, -15.746, 'Executing'
6.69, 4.198, -177.759, 92.4, 0.786, -12.367, 'Executing'
6.61, 4.206, -179.598, 92.4, 0.8, -11.46, 'Executing'
6.531, 4.206, 179.393, 92.4, 0.789, -9.394, 'Executing'
6.452, 4.207, 178.503, 92.4, 0.789, -8.082, 'Executing'
6.375, 4.212, 177.16, 92.4, 0.797, -6.567, 'Executing'
6.216, 4.222, 176.149, 92.4, 0.798, -3.15, 'Executing'
6.141, 4.233, 175.224, 92.4, 0.795, -2.615, 'Executing'
6.062, 4.239, 175.002, 92.4, 0.794, -2.22, 'Executing'
5.982, 4.246, 175.109, 92.4, 0.804, 0.0, 'Executing'
5.822, 4.274, 174.825, 92.4, 0.794, 2.249, 'Executing'
5.736, 4.294, 174.532, 92.4, 0.801, 2.623, 'Executing'
5.656, 4.301, 174.869, 92.4, 0.802, 3.944, 'Executing'
5.49, 4.31, 175.374, 92.4, 0.797, 6.028, 'Executing'
5.41, 4.316, 175.977, 92.4, 0.797, 6.294, 'Executing'
5.33, 4.322, 176.6, 92.4, 0.792, 6.259, 'Executing'
5.266, 4.313, 177.282, 92.4, 0.793, 5.852, 'Executing'
5.186, 4.317, 177.346, 92.4, 0.799, 4.987, 'Executing'
4.945, 4.314, 178.774, 92.4, 0.805, 3.054, 'Executing'
4.878, 4.314, 179.255, 92.4, 0.805, 1.057, 'Executing'
4.798, 4.315, 179.305, 92.4, 0.799, -0.263, 'Executing'
4.718, 4.316, 179.284, 92.4, 0.798, -0.787, 'Executing'
4.64, 4.31, 179.061, 92.4, 0.793, -0.782, 'Executing'
4.483, 4.311, 178.541, 92.4, 0.8, -1.091, 'Executing'
4.403, 4.313, 178.458, 92.4, 0.796, -2.887, 'Executing'
4.324, 4.315, 178.219, 92.4, 0.782, -2.361, 'Executing'
4.256, 4.314, 178.048, 92.4, 0.763, -1.059, 'Executing'
4.183, 4.317, 178.037, 92.4, 0.717, 0.523, 'Executing'
4.113, 4.319, 178.18, 92.4, 0.679, 1.575, 'Executing'
4.045, 4.32, 178.574, 92.4, 0.645, 2.276, 'Executing'
3.925, 4.323, 179.213, 92.4, 0.547, 3.41, 'Executing'
3.873, 4.323, 179.518, 92.4, 0.49, 2.887, 'Executing'
3.83, 4.299, -179.967, 92.4, 0.436, 2.627, 'Executing'
3.79, 4.299, -179.899, 92.4, 0.383, 1.514, 'Executing'
3.731, 4.299, -179.876, 92.4, 0.198, 0.26, 'Executing'
3.714, 4.299, -179.884, 92.4, 0.135, 0.794, 'Executing'
3.704, 4.299, -179.883, 92.4, 0.045, 0.0, 'Executing'
3.703, 4.299, -179.922, 92.4, 0.0, -0.351, 'Ready'
3.703, 4.299, -179.89, 92.4, 0.0, 0.0, 'Ready'
3.703, 4.299, -179.89, 92.4, 0.0, 0.0, 'Ready'
3.703, 4.299, -179.89, 92.4, 0.0, 0.0, 'Ready'
3.703, 4.299, -179.89, 92.4, 0.0, 0.0, 'Ready'
3.703, 4.299, -179.89, 92.4, 0.0, 0.0, 'Ready'